5.235988e-01 2.617994e+00 5.235988e-01 1.047198e+00 5.235988e-01 5.235988e+00 2.094395e+00 5.759587e+00 1.047198e+00 0.000000e+00 0.000000e+00 0.000000e+00 0.000000e+00 0.000000e+00 0.000000e+00 0.000000e+00 0.000000e+00 0.000000e+00 0.000000e+00 
5.263918e-01 2.620812e+00 5.183505e-01 1.044768e+00 5.288216e-01 5.236013e+00 2.091965e+00 5.764835e+00 1.047172e+00 5.510457e-01 5.611315e-01 -1.042729e+00 -4.815970e-01 1.032643e+00 1.008578e-02 -4.815970e-01 1.042729e+00 -1.008578e-02 -7.637986e-01 
5.343777e-01 2.629162e+00 5.029262e-01 1.037693e+00 5.438821e-01 5.236377e+00 2.084891e+00 5.780259e+00 1.046808e+00 1.029995e+00 1.105794e+00 -2.030915e+00 -9.251215e-01 1.955117e+00 7.579878e-02 -9.251215e-01 2.030915e+00 -7.579878e-02 -2.891996e+00 
5.466071e-01 2.642857e+00 4.779965e-01 1.026458e+00 5.673465e-01 5.237842e+00 2.073656e+00 5.805189e+00 1.045343e+00 1.394262e+00 1.628845e+00 -2.939897e+00 -1.311052e+00 2.705314e+00 2.345834e-01 -1.311052e+00 2.939897e+00 -2.345834e-01 -6.050658e+00 
5.618032e-01 2.661635e+00 4.444646e-01 1.011704e+00 5.972963e-01 5.241424e+00 2.058902e+00 5.838721e+00 1.041761e+00 1.621202e+00 2.120541e+00 -3.748049e+00 -1.627508e+00 3.248710e+00 4.993390e-01 -1.627508e+00 3.748049e+00 -4.993390e-01 -9.837971e+00 
5.785613e-01 2.685121e+00 4.034282e-01 9.941545e-01 6.316043e-01 5.248153e+00 2.041352e+00 5.879757e+00 1.035033e+00 1.707658e+00 2.568372e+00 -4.438573e+00 -1.870201e+00 3.577859e+00 8.607141e-01 -1.870201e+00 4.438573e+00 -8.607141e-01 -1.384478e+01 
5.955271e-01 2.712815e+00 3.561210e-01 9.745408e-01 6.681838e-01 5.258881e+00 2.021738e+00 5.927064e+00 1.024305e+00 1.665655e+00 2.960000e+00 -5.000865e+00 -2.040865e+00 3.706519e+00 1.294345e+00 -2.040865e+00 5.000865e+00 -1.294345e+00 -1.770247e+01 
6.115170e-01 2.744100e+00 3.038540e-01 9.535594e-01 7.051551e-01 5.274176e+00 2.000757e+00 5.979331e+00 1.009009e+00 1.516630e+00 3.285479e+00 -5.430429e+00 -2.144950e+00 3.661581e+00 1.768849e+00 -2.144950e+00 5.430429e+00 -1.768849e+00 -2.111075e+01 
6.255890e-01 2.778284e+00 2.479507e-01 9.318392e-01 7.409473e-01 5.294287e+00 1.979037e+00 6.035235e+00 9.888980e-01 1.286495e+00 3.538423e+00 -5.728137e+00 -2.189713e+00 3.476208e+00 2.251928e+00 -2.189713e+00 5.728137e+00 -2.251928e+00 -2.384979e+01 
6.370667e-01 2.814617e+00 1.897145e-01 9.099368e-01 7.743275e-01 5.319143e+00 1.957134e+00 6.093471e+00 9.640419e-01 1.002153e+00 3.715946e+00 -5.898793e+00 -2.182848e+00 3.185001e+00 2.713792e+00 -2.182848e+00 5.898793e+00 -2.713792e+00 -2.578063e+01 
6.455356e-01 2.852351e+00 1.303739e-01 8.883296e-01 8.044036e-01 5.348408e+00 1.935527e+00 6.152811e+00 9.347775e-01 6.890345e-01 3.818369e+00 -5.950297e+00 -2.131928e+00 2.820962e+00 3.129334e+00 -2.131928e+00 5.950297e+00 -3.129334e+00 -2.683702e+01 
6.508260e-01 2.890746e+00 7.106883e-02 8.674201e-01 8.306034e-01 5.381513e+00 1.914618e+00 6.212116e+00 9.016722e-01 3.700956e-01 3.848581e+00 -5.892828e+00 -2.044247e+00 2.414342e+00 3.478486e+00 -2.044247e+00 5.892828e+00 -3.478486e+00 -2.701779e+01 
6.529850e-01 2.929098e+00 1.283943e-02 8.475428e-01 8.526398e-01 5.417706e+00 1.894740e+00 6.270346e+00 8.654792e-01 6.495792e-02 3.811268e+00 -5.738126e+00 -1.926858e+00 1.991816e+00 3.746310e+00 -1.926858e+00 5.738126e+00 -3.746310e+00 -2.637626e+01 
6.522259e-01 2.966764e+00 -4.340815e-02 8.289603e-01 8.704632e-01 5.456130e+00 1.876158e+00 6.326593e+00 8.270550e-01 -2.107011e-01 3.712387e+00 -5.498973e+00 -1.786585e+00 1.575884e+00 3.923089e+00 -1.786585e+00 5.498973e+00 -3.923089e+00 -2.500366e+01 
6.489067e-01 3.003163e+00 -9.690155e-02 8.118664e-01 8.842379e-01 5.495849e+00 1.859064e+00 6.380087e+00 7.873364e-01 -4.451863e-01 3.558818e+00 -5.188814e+00 -1.629996e+00 1.184809e+00 4.004005e+00 -1.629996e+00 5.188814e+00 -4.004005e+00 -2.302345e+01 
6.434853e-01 3.037782e+00 -1.469936e-01 7.963936e-01 8.942893e-01 5.535890e+00 1.843591e+00 6.430179e+00 7.472957e-01 -6.306947e-01 3.357627e+00 -4.820945e+00 -1.463318e+00 8.326233e-01 3.988322e+00 -1.463318e+00 4.820945e+00 -3.988322e+00 -2.057949e+01 
6.364722e-01 3.070180e+00 -1.931696e-01 7.826149e-01 9.010549e-01 5.575300e+00 1.829812e+00 6.476355e+00 7.078853e-01 -7.629845e-01 3.115856e+00 -4.408019e+00 -1.292163e+00 5.291782e-01 3.878840e+00 -1.292163e+00 4.408019e+00 -3.878840e+00 -1.782322e+01 
6.284061e-01 3.099986e+00 -2.350415e-01 7.705495e-01 9.050542e-01 5.613173e+00 1.817747e+00 6.518227e+00 6.700127e-01 -8.410638e-01 2.840290e+00 -3.961681e+00 -1.121390e+00 2.803264e-01 3.681354e+00 -1.121390e+00 3.961681e+00 -3.681354e+00 -1.490724e+01 
6.198257e-01 3.126895e+00 -2.723271e-01 7.601725e-01 9.068508e-01 5.648662e+00 1.807370e+00 6.555512e+00 6.345236e-01 -8.665742e-01 2.537305e+00 -3.492235e+00 -9.549304e-01 8.835619e-02 3.403879e+00 -9.549304e-01 3.492235e+00 -3.403879e+00 -1.197929e+01 
6.112387e-01 3.150660e+00 -3.048385e-01 7.514265e-01 9.070098e-01 5.681014e+00 1.798624e+00 6.588024e+00 6.021713e-01 -8.431950e-01 2.212773e+00 -3.008434e+00 -7.956609e-01 -4.753406e-02 3.055968e+00 -7.956609e-01 3.008434e+00 -3.055968e+00 -9.173838e+00 
6.031072e-01 3.171096e+00 -3.324710e-01 7.442295e-01 9.060752e-01 5.709581e+00 1.791427e+00 6.615656e+00 5.736042e-01 -7.762821e-01 1.872035e+00 -2.517406e+00 -6.453712e-01 -1.309110e-01 2.648317e+00 -6.453712e-01 2.517406e+00 -2.648317e+00 -6.608493e+00 
5.958360e-01 3.188064e+00 -3.551819e-01 7.384866e-01 9.045469e-01 5.733820e+00 1.785684e+00 6.638367e+00 5.493651e-01 -6.724025e-01 1.519982e+00 -2.024780e+00 -5.047983e-01 -1.676042e-01 2.192385e+00 -5.047983e-01 2.024780e+00 -2.192385e+00 -4.381681e+00 
5.897584e-01 3.201472e+00 -3.729758e-01 7.341015e-01 9.028545e-01 5.753307e+00 1.781299e+00 6.656161e+00 5.298787e-01 -5.389049e-01 1.161066e+00 -1.534825e+00 -3.737587e-01 -1.651462e-01 1.699971e+00 -3.737587e-01 1.534825e+00 -1.699971e+00 -2.569030e+00 
5.851308e-01 3.211275e+00 -3.858970e-01 7.309830e-01 9.013454e-01 5.767737e+00 1.778181e+00 6.669082e+00 5.154484e-01 -3.836759e-01 7.993178e-01 -1.050573e+00 -2.512556e-01 -1.324203e-01 1.182994e+00 -2.512556e-01 1.050573e+00 -1.182994e+00 -1.222170e+00 
5.821301e-01 3.217462e+00 -3.940137e-01 7.290531e-01 9.002745e-01 5.776924e+00 1.776251e+00 6.677199e+00 5.062609e-01 -2.148577e-01 4.384696e-01 -5.741797e-01 -1.357102e-01 -7.914753e-02 6.533272e-01 -1.357102e-01 5.741797e-01 -6.533272e-01 -3.688474e-01 
5.808519e-01 3.220059e+00 -3.974121e-01 7.282518e-01 8.997976e-01 5.780800e+00 1.775449e+00 6.680597e+00 5.023856e-01 -4.052985e-02 8.198955e-02 -1.072203e-01 -2.523074e-02 -1.529910e-02 1.225194e-01 -2.523074e-02 1.072203e-01 -1.225194e-01 -1.323581e-02 
5.813120e-01 3.219127e+00 -3.961933e-01 7.285383e-01 8.999712e-01 5.779407e+00 1.775736e+00 6.679379e+00 5.037779e-01 1.314842e-01 -2.668994e-01 3.491107e-01 8.221125e-02 4.927296e-02 -3.983836e-01 8.221125e-02 -3.491107e-01 3.983836e-01 -1.370205e-01 
5.834495e-01 3.214757e+00 -3.904692e-01 7.298923e-01 9.007548e-01 5.772900e+00 1.777090e+00 6.673654e+00 5.102856e-01 2.938413e-01 -6.051134e-01 7.936243e-01 1.885109e-01 1.053304e-01 -8.989547e-01 1.885109e-01 -7.936243e-01 8.989547e-01 -7.014222e-01 
5.871342e-01 3.207070e+00 -3.803649e-01 7.323101e-01 9.020217e-01 5.761528e+00 1.779508e+00 6.663550e+00 5.216569e-01 4.399112e-01 -9.296798e-01 1.224886e+00 2.952064e-01 1.447049e-01 -1.369591e+00 2.952064e-01 -1.224886e+00 1.369591e+00 -1.650484e+00 
5.921742e-01 3.196218e+00 -3.660216e-01 7.358013e-01 9.035705e-01 5.745636e+00 1.782999e+00 6.649207e+00 5.375489e-01 5.639198e-01 -1.237726e+00 1.641082e+00 4.033562e-01 1.605636e-01 -1.801646e+00 4.033562e-01 -1.641082e+00 1.801646e+00 -2.913859e+00 
5.983231e-01 3.182380e+00 -3.476013e-01 7.403835e-01 9.051371e-01 5.725649e+00 1.787581e+00 6.630787e+00 5.575358e-01 6.610939e-01 -1.526410e+00 2.039797e+00 5.133874e-01 1.477065e-01 -2.187504e+00 5.133874e-01 -2.039797e+00 2.187504e+00 -4.410103e+00 
6.052941e-01 3.165764e+00 -3.252940e-01 7.460746e-01 9.064170e-01 5.702062e+00 1.793272e+00 6.608479e+00 5.811231e-01 7.277966e-01 -1.792929e+00 2.417978e+00 6.250489e-01 1.027477e-01 -2.520726e+00 6.250489e-01 -2.417978e+00 2.520726e+00 -6.051230e+00 
6.127698e-01 3.146604e+00 -2.993223e-01 7.528868e-01 9.070805e-01 5.675427e+00 1.800084e+00 6.582508e+00 6.077582e-01 7.616062e-01 -2.034527e+00 2.771934e+00 7.374076e-01 2.419854e-02 -2.796133e+00 7.374076e-01 -2.771934e+00 2.796133e+00 -7.745845e+00 
6.204127e-01 3.125165e+00 -2.699502e-01 7.608199e-01 9.067904e-01 5.646345e+00 1.808017e+00 6.553136e+00 6.368402e-01 7.613964e-01 -2.248454e+00 3.097316e+00 8.488620e-01 -8.746564e-02 -3.009851e+00 8.488620e-01 -3.097316e+00 3.009851e+00 -9.402513e+00 
6.278844e-01 3.101737e+00 -2.374874e-01 7.698540e-01 9.052279e-01 5.615445e+00 1.817052e+00 6.520673e+00 6.677405e-01 7.274225e-01 -2.432054e+00 3.389324e+00 9.572693e-01 -2.298468e-01 -3.159477e+00 9.572693e-01 -3.389324e+00 3.159477e+00 -1.093457e+01 
6.348548e-01 3.076633e+00 -2.022916e-01 7.799466e-01 9.021058e-01 5.583371e+00 1.827144e+00 6.485477e+00 6.998142e-01 6.613466e-01 -2.582788e+00 3.642815e+00 1.060027e+00 -3.986802e-01 -3.244135e+00 1.060027e+00 -3.642815e+00 3.244135e+00 -1.226239e+01 
6.410148e-01 3.050198e+00 -1.647767e-01 7.910261e-01 8.971863e-01 5.550776e+00 1.838224e+00 6.447962e+00 7.324096e-01 5.662875e-01 -2.698237e+00 3.852421e+00 1.154184e+00 -5.878963e-01 -3.264525e+00 1.154184e+00 -3.852421e+00 3.264525e+00 -1.331642e+01 
6.460979e-01 3.022794e+00 -1.254075e-01 8.029912e-01 8.903043e-01 5.518289e+00 1.850189e+00 6.408593e+00 7.648968e-01 4.467635e-01 -2.776287e+00 4.012951e+00 1.236665e+00 -7.899011e-01 -3.223050e+00 1.236665e+00 -4.012951e+00 3.223050e+00 -1.404127e+01 
6.498880e-01 2.994802e+00 -8.469676e-02 8.157104e-01 8.813752e-01 5.486507e+00 1.862908e+00 6.367882e+00 7.966785e-01 3.086242e-01 -2.815202e+00 4.119568e+00 1.304366e+00 -9.957417e-01 -3.123826e+00 1.304366e+00 -4.119568e+00 3.123826e+00 -1.439727e+01 
6.522323e-01 2.966623e+00 -4.320813e-02 8.290199e-01 8.704100e-01 5.455983e+00 1.876217e+00 6.326393e+00 8.272019e-01 1.589446e-01 -2.813678e+00 4.167953e+00 1.354275e+00 -1.195330e+00 -2.972623e+00 1.354275e+00 -4.167953e+00 2.972623e+00 -1.436268e+01 
6.530545e-01 2.938666e+00 -1.544126e-03 8.427271e-01 8.575250e-01 5.427204e+00 1.889925e+00 6.284729e+00 8.559808e-01 5.661788e-03 -2.771036e+00 4.154672e+00 1.383636e+00 -1.377974e+00 -2.776697e+00 1.383636e+00 -4.154672e+00 2.776697e+00 -1.393576e+01 
6.523612e-01 2.911341e+00 3.966998e-02 8.566155e-01 8.429432e-01 5.400572e+00 1.903813e+00 6.243515e+00 8.826132e-01 -1.427692e-01 -2.687383e+00 4.077475e+00 1.390092e+00 -1.532861e+00 -2.544614e+00 1.390092e+00 -4.077475e+00 2.544614e+00 -1.313541e+01 
6.502429e-01 2.885051e+00 7.979141e-02 8.704472e-01 8.269933e-01 5.376401e+00 1.917645e+00 6.203394e+00 9.067847e-01 -2.777063e-01 -2.563635e+00 3.935356e+00 1.371721e+00 -1.649427e+00 -2.285929e+00 1.371721e+00 -3.935356e+00 2.285929e+00 -1.200083e+01 
6.468796e-01 2.860194e+00 1.181643e-01 8.839633e-01 8.101138e-01 5.354907e+00 1.931161e+00 6.165021e+00 9.282781e-01 -3.908621e-01 -2.401594e+00 3.728717e+00 1.327124e+00 -1.717986e+00 -2.010731e+00 1.327124e+00 -3.728717e+00 2.010731e+00 -1.059236e+01 
6.425235e-01 2.837139e+00 1.541542e-01 8.968986e-01 7.928224e-01 5.336209e+00 1.944096e+00 6.129031e+00 9.469767e-01 -4.750959e-01 -2.203988e+00 3.459596e+00 1.255609e+00 -1.730705e+00 -1.728892e+00 1.255609e+00 -3.459596e+00 1.728892e+00 -8.986321e+00 
6.374932e-01 2.816222e+00 1.871581e-01 9.089853e-01 7.757055e-01 5.320322e+00 1.956183e+00 6.096027e+00 9.628636e-01 -5.247018e-01 -1.974450e+00 3.131696e+00 1.157246e+00 -1.681948e+00 -1.449748e+00 1.157246e+00 -3.131696e+00 1.449748e+00 -7.273157e+00 
6.321567e-01 2.797742e+00 2.166104e-01 9.199574e-01 7.593969e-01 5.307178e+00 1.967155e+00 6.066575e+00 9.760073e-01 -5.361378e-01 -1.717376e+00 2.750375e+00 1.032999e+00 -1.569137e+00 -1.181238e+00 1.032999e+00 -2.750375e+00 1.181238e+00 -5.553164e+00 
6.269014e-01 2.781950e+00 2.420100e-01 9.295652e-01 7.445338e-01 5.296642e+00 1.976763e+00 6.041175e+00 9.865438e-01 -5.085193e-01 -1.437743e+00 2.322609e+00 8.848665e-01 -1.393386e+00 -9.292236e-01 8.848665e-01 -2.322609e+00 9.292236e-01 -3.928154e+00 
6.221098e-01 2.769045e+00 2.629359e-01 9.375854e-01 7.317220e-01 5.288527e+00 1.984783e+00 6.020249e+00 9.946579e-01 -4.438597e-01 -1.140917e+00 1.856852e+00 7.159348e-01 -1.159794e+00 -6.970573e-01 7.159348e-01 -1.856852e+00 6.970573e-01 -2.494912e+00 
6.181313e-01 2.759171e+00 2.790531e-01 9.438286e-01 7.215002e-01 5.282632e+00 1.991026e+00 6.004132e+00 1.000553e+00 -3.471825e-01 -8.324348e-01 1.362847e+00 5.304124e-01 -8.775949e-01 -4.852524e-01 5.304124e-01 -1.362847e+00 4.852524e-01 -1.337836e+00 
6.152481e-01 2.752417e+00 2.901332e-01 9.481550e-01 7.142906e-01 5.278761e+00 1.995353e+00 5.993052e+00 1.004424e+00 -2.261380e-01 -5.177465e-01 8.511916e-01 3.334451e-01 -5.595831e-01 -2.916085e-01 3.334451e-01 -8.511916e-01 2.916085e-01 -5.200417e-01 
6.136573e-01 2.748819e+00 2.960553e-01 9.504789e-01 7.103759e-01 5.276754e+00 1.997676e+00 5.987130e+00 1.006431e+00 -9.047261e-02 -2.021334e-01 3.330588e-01 1.309254e-01 -2.213980e-01 -1.116608e-01 1.309254e-01 -3.330588e-01 1.116608e-01 -7.902347e-02 
6.134516e-01 2.748361e+00 2.968102e-01 9.507757e-01 7.098735e-01 5.276502e+00 1.997973e+00 5.986375e+00 1.006684e+00 4.904600e-02 1.093703e-01 -1.803026e-01 -7.093230e-02 1.199783e-01 6.032430e-02 -7.093230e-02 1.803026e-01 -6.032430e-02 -2.268129e-02 
6.146150e-01 2.750977e+00 2.925014e-01 9.490829e-01 7.127297e-01 5.277954e+00 1.996280e+00 5.990684e+00 1.005231e+00 1.816345e-01 4.119833e-01 -6.779750e-01 -2.659917e-01 4.476261e-01 2.303488e-01 -2.659917e-01 6.779750e-01 -2.303488e-01 -3.292360e-01 
6.170288e-01 2.756555e+00 2.833372e-01 9.454973e-01 7.187291e-01 5.281119e+00 1.992695e+00 5.999848e+00 1.002066e+00 2.976517e-01 7.011159e-01 -1.149748e+00 -4.486321e-01 7.462838e-01 4.034642e-01 -4.486321e-01 1.149748e+00 -4.034642e-01 -9.504400e-01 
6.204871e-01 2.764939e+00 2.696233e-01 9.401676e-01 7.275170e-01 5.286045e+00 1.987365e+00 6.013562e+00 9.971403e-01 3.894527e-01 9.723965e-01 -1.586495e+00 -6.140986e-01 1.003551e+00 5.829437e-01 -6.140986e-01 1.586495e+00 -5.829437e-01 -1.817098e+00 
6.247200e-01 2.775930e+00 2.517502e-01 9.332850e-01 7.386326e-01 5.292803e+00 1.980483e+00 6.031435e+00 9.903828e-01 4.519668e-01 1.221692e+00 -1.980412e+00 -7.587195e-01 1.210686e+00 7.697253e-01 -7.587195e-01 1.980412e+00 -7.697253e-01 -2.846543e+00 
6.294209e-01 2.789288e+00 2.301787e-01 9.250711e-01 7.515474e-01 5.301459e+00 1.972269e+00 6.053007e+00 9.817261e-01 4.828988e-01 1.445235e+00 -2.325243e+00 -8.800085e-01 1.362907e+00 9.623358e-01 -8.800085e-01 2.325243e+00 -9.623358e-01 -3.950535e+00 
6.342735e-01 2.804738e+00 2.054246e-01 9.157672e-01 7.657038e-01 5.312057e+00 1.962965e+00 6.077761e+00 9.711285e-01 4.825860e-01 1.639738e+00 -2.616354e+00 -9.766161e-01 1.459202e+00 1.157152e+00 -9.766161e-01 2.616354e+00 -1.157152e+00 -5.042792e+00 
6.389771e-01 2.821977e+00 1.780403e-01 9.056220e-01 7.805526e-01 5.324592e+00 1.952820e+00 6.105145e+00 9.585929e-01 4.536314e-01 1.802562e+00 -2.850792e+00 -1.048231e+00 1.501862e+00 1.348930e+00 -1.048231e+00 2.850792e+00 -1.348930e+00 -6.045463e+00 
6.432651e-01 2.840677e+00 1.486024e-01 8.948841e-01 7.955785e-01 5.339004e+00 1.942082e+00 6.134583e+00 9.441809e-01 4.003895e-01 1.931779e+00 -3.027172e+00 -1.095393e+00 1.495782e+00 1.531389e+00 -1.095393e+00 3.027172e+00 -1.531389e+00 -6.893545e+00 
6.469219e-01 2.860497e+00 1.176901e-01 8.837917e-01 8.103277e-01 5.355168e+00 1.930989e+00 6.165495e+00 9.280178e-01 3.283435e-01 2.026282e+00 -3.145611e+00 -1.119329e+00 1.447672e+00 1.697938e+00 -1.119329e+00 3.145611e+00 -1.697938e+00 -7.538309e+00 
6.497898e-01 2.881087e+00 8.587735e-02 8.725688e-01 8.244186e-01 5.372889e+00 1.919766e+00 6.197308e+00 9.102959e-01 2.436362e-01 2.085758e+00 -3.207545e+00 -1.121786e+00 1.365423e+00 1.842122e+00 -1.121786e+00 3.207545e+00 -1.842122e+00 -7.948445e+00 
6.517732e-01 2.902096e+00 5.371952e-02 8.614207e-01 8.375501e-01 5.391916e+00 1.908618e+00 6.229466e+00 8.912696e-01 1.524828e-01 2.110643e+00 -3.215506e+00 -1.104864e+00 1.257347e+00 1.958160e+00 -1.104864e+00 3.215506e+00 -1.958160e+00 -8.110051e+00 
6.528373e-01 2.923187e+00 2.173651e-02 8.505287e-01 8.495062e-01 5.411943e+00 1.897726e+00 6.261449e+00 8.712427e-01 6.078784e-02 2.102079e+00 -3.172979e+00 -1.070900e+00 1.131688e+00 2.041291e+00 -1.070900e+00 3.172979e+00 -2.041291e+00 -8.025313e+00 
6.530041e-01 2.944033e+00 -9.587503e-03 8.400508e-01 8.601509e-01 5.432622e+00 1.887248e+00 6.292773e+00 8.505634e-01 -2.613531e-02 2.061794e+00 -3.084158e+00 -1.022364e+00 9.962285e-01 2.087930e+00 -1.022364e+00 3.084158e+00 -2.087930e+00 -7.711063e+00 
6.523458e-01 2.964325e+00 -3.980898e-02 8.301213e-01 8.694221e-01 5.453572e+00 1.877319e+00 6.322994e+00 8.296131e-01 -1.038288e-01 1.991981e+00 -2.953723e+00 -9.617420e-01 8.579132e-01 2.095810e+00 -9.617420e-01 2.953723e+00 -2.095810e+00 -7.196262e+00 
6.509708e-01 2.983781e+00 -6.853760e-02 8.208488e-01 8.773196e-01 5.474403e+00 1.868046e+00 6.351723e+00 8.087820e-01 -1.688324e-01 1.895174e+00 -2.786616e+00 -8.914419e-01 7.226095e-01 2.064006e+00 -8.914419e-01 2.786616e+00 -2.064006e+00 -6.517752e+00 
6.490192e-01 3.002148e+00 -9.543502e-02 8.123175e-01 8.838992e-01 5.494721e+00 1.859515e+00 6.378620e+00 7.884642e-01 -2.187085e-01 1.774186e+00 -2.587935e+00 -8.137490e-01 5.950405e-01 1.992894e+00 -8.137490e-01 2.587935e+00 -1.992894e+00 -5.718994e+00 
6.466515e-01 3.019195e+00 -1.202087e-01 8.045913e-01 8.892578e-01 5.514136e+00 1.851789e+00 6.403394e+00 7.690491e-01 -2.520655e-01 1.631972e+00 -2.362709e+00 -7.307376e-01 4.786721e-01 1.884037e+00 -7.307376e-01 2.362709e+00 -1.884037e+00 -4.846927e+00 
6.440350e-01 3.034726e+00 -1.426165e-01 7.977144e-01 8.935182e-01 5.532284e+00 1.844912e+00 6.425802e+00 7.509017e-01 -2.684622e-01 1.471552e+00 -2.115778e+00 -6.442257e-01 3.757635e-01 1.740014e+00 -6.442257e-01 2.115778e+00 -1.740014e+00 -3.948344e+00 
6.413374e-01 3.048575e+00 -1.624664e-01 7.917135e-01 8.968214e-01 5.548830e+00 1.838911e+00 6.445652e+00 7.343551e-01 -2.683466e-01 1.295951e+00 -1.851695e+00 -5.557439e-01 2.873973e-01 1.564298e+00 -5.557439e-01 1.851695e+00 -1.564298e+00 -3.068027e+00 
6.387190e-01 3.060605e+00 -1.796077e-01 7.866019e-01 8.993147e-01 5.563478e+00 1.833799e+00 6.462793e+00 7.197069e-01 -2.529289e-01 1.108169e+00 -1.574699e+00 -4.665302e-01 2.136013e-01 1.361098e+00 -4.665302e-01 1.574699e+00 -1.361098e+00 -2.247123e+00 
6.363241e-01 3.070707e+00 -1.939302e-01 7.823821e-01 9.011395e-01 5.575976e+00 1.829580e+00 6.477116e+00 7.072093e-01 -2.240221e-01 9.111293e-01 -1.288665e+00 -3.775356e-01 1.535135e-01 1.135151e+00 -3.775356e-01 1.288665e+00 -1.135151e+00 -1.520874e+00 
6.342760e-01 3.078806e+00 -2.053622e-01 7.790482e-01 9.024253e-01 5.586122e+00 1.826246e+00 6.488547e+00 6.970631e-01 -1.839286e-01 7.076458e-01 -9.970810e-01 -2.894352e-01 1.055066e-01 8.915744e-01 -2.894352e-01 9.970810e-01 -8.915744e-01 -9.174780e-01 
6.326739e-01 3.084848e+00 -2.138641e-01 7.765889e-01 9.032825e-01 5.593767e+00 1.823786e+00 6.497049e+00 6.894185e-01 -1.353040e-01 5.004403e-01 -7.031188e-01 -2.026784e-01 6.737444e-02 6.357443e-01 -2.026784e-01 7.031188e-01 -6.357443e-01 -4.575594e-01 
6.315889e-01 3.088811e+00 -2.194263e-01 7.749892e-01 9.037972e-01 5.598814e+00 1.822187e+00 6.502612e+00 6.843710e-01 -8.099502e-02 2.921228e-01 -4.096669e-01 -1.175440e-01 3.654900e-02 3.731179e-01 -1.175440e-01 4.096669e-01 -3.731179e-01 -1.535173e-01 
6.310633e-01 3.090695e+00 -2.220677e-01 7.742321e-01 9.040287e-01 5.601224e+00 1.821430e+00 6.505253e+00 6.819610e-01 -2.393335e-02 8.517334e-02 -1.193517e-01 -3.417836e-02 1.024501e-02 1.091067e-01 -3.417836e-02 1.193517e-01 -1.091067e-01 -9.472294e-03 
6.311098e-01 3.090527e+00 -2.218320e-01 7.742995e-01 9.040078e-01 5.601009e+00 1.821497e+00 6.505017e+00 6.821758e-01 3.298247e-02 -1.180251e-01 1.653545e-01 4.732940e-02 -1.434693e-02 -1.510075e-01 4.732940e-02 -1.653545e-01 1.510075e-01 -2.159722e-02 
6.317132e-01 3.088355e+00 -2.187872e-01 7.751723e-01 9.037385e-01 5.598234e+00 1.822370e+00 6.501972e+00 6.849514e-01 8.701691e-02 -3.152001e-01 4.420873e-01 1.268873e-01 -3.987036e-02 -4.022170e-01 1.268873e-01 -4.420873e-01 4.022170e-01 -1.788399e-01 
6.328322e-01 3.084250e+00 -2.130244e-01 7.768303e-01 9.031994e-01 5.593010e+00 1.824028e+00 6.496210e+00 6.901751e-01 1.356766e-01 -5.041990e-01 7.085630e-01 2.043641e-01 -6.868744e-02 -6.398756e-01 2.043641e-01 -7.085630e-01 6.398756e-01 -4.636635e-01 
6.344016e-01 3.078305e+00 -2.046577e-01 7.792518e-01 9.023473e-01 5.585496e+00 1.826449e+00 6.487843e+00 6.976896e-01 1.768026e-01 -6.829626e-01 9.624907e-01 2.795281e-01 -1.027255e-01 -8.597652e-01 2.795281e-01 -9.624907e-01 8.597652e-01 -8.531198e-01 
6.363372e-01 3.070631e+00 -1.938241e-01 7.824120e-01 9.011228e-01 5.575887e+00 1.829610e+00 6.477009e+00 7.072987e-01 2.086499e-01 -8.495490e-01 1.201574e+00 3.520246e-01 -1.433747e-01 -1.058199e+00 3.520246e-01 -1.201574e+00 1.058199e+00 -1.320330e+00 
6.385394e-01 3.061360e+00 -1.806834e-01 7.862818e-01 8.994552e-01 5.564413e+00 1.833479e+00 6.463869e+00 7.187718e-01 2.299372e-01 -1.002133e+00 1.423490e+00 4.213566e-01 -1.914194e-01 -1.232070e+00 4.213566e-01 -1.423490e+00 1.232070e+00 -1.835605e+00 
6.408981e-01 3.050641e+00 -1.654193e-01 7.908265e-01 8.972692e-01 5.551335e+00 1.838024e+00 6.448605e+00 7.318499e-01 2.398963e-01 -1.139008e+00 1.625883e+00 4.868743e-01 -2.469780e-01 -1.378905e+00 4.868743e-01 -1.625883e+00 1.378905e+00 -2.367994e+00 
6.432988e-01 3.038638e+00 -1.482385e-01 7.960040e-01 8.944924e-01 5.536931e+00 1.843202e+00 6.431424e+00 7.462539e-01 2.382987e-01 -1.258624e+00 1.806418e+00 5.477943e-01 -3.094956e-01 -1.496922e+00 5.477943e-01 -1.806418e+00 1.496922e+00 -2.886891e+00 
6.456267e-01 3.025530e+00 -1.293713e-01 8.017640e-01 8.910602e-01 5.521496e+00 1.848962e+00 6.412557e+00 7.616890e-01 2.254668e-01 -1.359578e+00 1.962784e+00 6.032065e-01 -3.777397e-01 -1.585045e+00 6.032065e-01 -1.962784e+00 1.585045e+00 -3.363090e+00 
6.477734e-01 3.011512e+00 -1.090709e-01 8.080464e-01 8.869245e-01 5.505332e+00 1.855244e+00 6.392256e+00 7.778536e-01 2.022586e-01 -1.440657e+00 2.092772e+00 6.521157e-01 -4.498571e-01 -1.642915e+00 6.521157e-01 -2.092772e+00 1.642915e+00 -3.770450e+00 
6.496418e-01 2.996787e+00 -8.761045e-02 8.147813e-01 8.820581e-01 5.488738e+00 1.861979e+00 6.370796e+00 7.944476e-01 1.700369e-01 -1.500872e+00 2.194356e+00 6.934842e-01 -5.234473e-01 -1.670909e+00 6.934842e-01 -2.194356e+00 1.670909e+00 -4.087025e+00 
6.511503e-01 2.981567e+00 -6.528379e-02 8.218877e-01 8.764601e-01 5.472009e+00 1.869085e+00 6.348469e+00 8.111763e-01 1.306283e-01 -1.539464e+00 2.265725e+00 7.262607e-01 -5.956323e-01 -1.670093e+00 7.262607e-01 -2.265725e+00 1.670093e+00 -4.295882e+00 
6.522375e-01 2.966071e+00 -4.240183e-02 8.292744e-01 8.701607e-01 5.455426e+00 1.876472e+00 6.325587e+00 8.277588e-01 8.622335e-02 -1.555951e+00 2.305394e+00 7.494428e-01 -6.632195e-01 -1.642174e+00 7.494428e-01 -2.305394e+00 1.642174e+00 -4.386119e+00 
6.528660e-01 2.950522e+00 -1.928561e-02 8.368415e-01 8.632221e-01 5.439249e+00 1.884039e+00 6.302471e+00 8.439365e-01 3.927525e-02 -1.550165e+00 2.312300e+00 7.621348e-01 -7.228595e-01 -1.589441e+00 7.621348e-01 -2.312300e+00 1.589441e+00 -4.353349e+00 
6.530229e-01 2.935140e+00 3.735242e-03 8.444805e-01 8.557400e-01 5.423710e+00 1.891678e+00 6.279450e+00 8.594753e-01 -7.599248e-03 -1.522265e+00 2.285844e+00 7.635785e-01 -7.711778e-01 -1.514666e+00 7.635786e-01 -2.285844e+00 1.514666e+00 -4.199791e+00 
6.527231e-01 2.920148e+00 2.632163e-02 8.520742e-01 8.478464e-01 5.409017e+00 1.899272e+00 6.256864e+00 8.741680e-01 -5.174879e-02 -1.472743e+00 2.225939e+00 7.531956e-01 -8.049444e-01 -1.420994e+00 7.531956e-01 -2.225939e+00 1.420994e+00 -3.934715e+00 
6.520056e-01 2.905756e+00 4.814215e-02 8.595031e-01 8.397001e-01 5.395343e+00 1.906701e+00 6.235043e+00 8.878422e-01 -9.072481e-02 -1.402457e+00 2.133120e+00 7.306634e-01 -8.213882e-01 -1.311732e+00 7.306634e-01 -2.133120e+00 1.311732e+00 -3.573110e+00 
6.509332e-01 2.892165e+00 6.887618e-02 8.666462e-01 8.314846e-01 5.382825e+00 1.913844e+00 6.214309e+00 9.003608e-01 -1.223287e-01 -1.312630e+00 2.008559e+00 6.959287e-01 -8.182575e-01 -1.190301e+00 6.959287e-01 -2.008559e+00 1.190301e+00 -3.135370e+00 
6.495890e-01 2.879563e+00 8.821453e-02 8.733822e-01 8.234043e-01 5.371566e+00 1.920580e+00 6.194971e+00 9.116189e-01 -1.447915e-01 -1.204817e+00 1.854051e+00 6.492341e-01 -7.940256e-01 -1.060026e+00 6.492341e-01 -1.854051e+00 1.060026e+00 -2.646382e+00 
6.480720e-01 2.868122e+00 1.058661e-01 8.795930e-01 8.156765e-01 5.361643e+00 1.926791e+00 6.177319e+00 9.215426e-01 -1.569244e-01 -1.080893e+00 1.672047e+00 5.911548e-01 -7.480792e-01 -9.239682e-01 5.911548e-01 -1.672047e+00 9.239682e-01 -2.134038e+00 
6.464873e-01 2.857993e+00 1.215723e-01 8.851697e-01 8.085151e-01 5.353098e+00 1.932367e+00 6.161613e+00 9.300875e-01 -1.581956e-01 -9.429924e-01 1.465589e+00 5.225969e-01 -6.807925e-01 -7.847968e-01 5.225969e-01 -1.465589e+00 7.847968e-01 -1.626695e+00 
6.449437e-01 2.849301e+00 1.351079e-01 8.900140e-01 8.021272e-01 5.345950e+00 1.937212e+00 6.148077e+00 9.372351e-01 -1.487627e-01 -7.934870e-01 1.238281e+00 4.447941e-01 -5.935569e-01 -6.447242e-01 4.447941e-01 -1.238281e+00 6.447242e-01 -1.152351e+00 
6.435448e-01 2.842153e+00 1.462825e-01 8.940401e-01 7.967023e-01 5.340201e+00 1.941238e+00 6.136903e+00 9.429848e-01 -1.295086e-01 -6.349306e-01 9.942306e-01 3.593000e-01 -4.888086e-01 -5.054220e-01 3.593000e-01 -9.942306e-01 5.054220e-01 -7.366403e-01 
6.423815e-01 2.836624e+00 1.549511e-01 8.971802e-01 7.923988e-01 5.335835e+00 1.944378e+00 6.128234e+00 9.473499e-01 -1.019452e-01 -4.699799e-01 7.379020e-01 2.679221e-01 -3.698673e-01 -3.680347e-01 2.679221e-01 -7.379020e-01 3.680347e-01 -4.006650e-01 
6.415268e-01 2.832766e+00 1.610151e-01 8.993856e-01 7.893388e-01 5.332831e+00 1.946583e+00 6.122170e+00 9.503539e-01 -6.813490e-02 -3.013519e-01 4.740307e-01 1.726788e-01 -2.408137e-01 -2.332170e-01 1.726788e-01 -4.740307e-01 2.332170e-01 -1.600302e-01 
6.410315e-01 2.830600e+00 1.644229e-01 9.006281e-01 7.876010e-01 5.331161e+00 1.947826e+00 6.118762e+00 9.520239e-01 -3.051821e-02 -1.317852e-01 2.075127e-01 7.572747e-02 -1.062457e-01 -1.012670e-01 7.572747e-02 -2.075127e-01 1.012670e-01 -2.376347e-02 
6.409205e-01 2.830124e+00 1.651726e-01 9.009017e-01 7.872164e-01 5.330796e+00 1.948099e+00 6.118013e+00 9.523890e-01 8.287597e-03 3.603878e-02 -5.678013e-02 -2.074134e-02 2.902894e-02 2.775119e-02 -2.074134e-02 5.678013e-02 -2.775119e-02 6.232395e-03 
6.411924e-01 2.831307e+00 1.633106e-01 9.002220e-01 7.881680e-01 5.331707e+00 1.947420e+00 6.119875e+00 9.514786e-01 4.566914e-02 1.995124e-01 -3.140854e-01 -1.145730e-01 1.602421e-01 1.538433e-01 -1.145730e-01 3.140854e-01 -1.538433e-01 -6.493985e-02 
6.418211e-01 2.834092e+00 1.589292e-01 8.986257e-01 7.903929e-01 5.333863e+00 1.945823e+00 6.124256e+00 9.493222e-01 7.924063e-02 3.561571e-01 -5.599092e-01 -2.037521e-01 2.829928e-01 2.769164e-01 -2.037521e-01 5.599092e-01 -2.769164e-01 -2.258661e-01 
6.427578e-01 2.838399e+00 1.521644e-01 8.961685e-01 7.937868e-01 5.337234e+00 1.943366e+00 6.131021e+00 9.459513e-01 1.069943e-01 5.036597e-01 -7.901316e-01 -2.864719e-01 3.934661e-01 3.966654e-01 -2.864719e-01 7.901316e-01 -3.966654e-01 -4.598015e-01 
6.439365e-01 2.844127e+00 1.431909e-01 8.929230e-01 7.982111e-01 5.341783e+00 1.940121e+00 6.139994e+00 9.414020e-01 1.274388e-01 6.399037e-01 -1.001099e+00 -3.611950e-01 4.886339e-01 5.124648e-01 -3.611950e-01 1.001099e+00 -5.124648e-01 -7.462044e-01 
6.452792e-01 2.851154e+00 1.322169e-01 8.889754e-01 8.035014e-01 5.347467e+00 1.936173e+00 6.150968e+00 9.357183e-01 1.396709e-01 7.630141e-01 -1.189713e+00 -4.266985e-01 5.663694e-01 6.233431e-01 -4.266985e-01 1.189713e+00 -6.233431e-01 -1.062334e+00 
6.467015e-01 2.859338e+00 1.194796e-01 8.844228e-01 8.094763e-01 5.354229e+00 1.931620e+00 6.163706e+00 9.289559e-01 1.433960e-01 8.713769e-01 -1.353464e+00 -4.820872e-01 6.254832e-01 7.279809e-01 -4.820872e-01 1.353464e+00 -7.279809e-01 -1.384911e+00 
6.481197e-01 2.868528e+00 1.052367e-01 8.793692e-01 8.159481e-01 5.362001e+00 1.926567e+00 6.177949e+00 9.211847e-01 1.388987e-01 9.636838e-01 -1.490487e+00 -5.268032e-01 6.657019e-01 8.247851e-01 -5.268032e-01 1.490487e+00 -8.247851e-01 -1.691808e+00 
6.494547e-01 2.878555e+00 8.976304e-02 8.739231e-01 8.227292e-01 5.370693e+00 1.921121e+00 6.193422e+00 9.124922e-01 1.269785e-01 1.038932e+00 -1.599536e+00 -5.606034e-01 6.875819e-01 9.119539e-01 -5.606034e-01 1.599536e+00 -9.119539e-01 -1.963241e+00 
6.506384e-01 2.889247e+00 7.334149e-02 8.681934e-01 8.296425e-01 5.380201e+00 1.915391e+00 6.209844e+00 9.029840e-01 1.088332e-01 1.096455e+00 -1.679989e+00 -5.835341e-01 6.923673e-01 9.876219e-01 -5.835341e-01 1.679989e+00 -9.876219e-01 -2.183064e+00 
6.516157e-01 2.900424e+00 5.625821e-02 8.622875e-01 8.365257e-01 5.390401e+00 1.909485e+00 6.226927e+00 8.927840e-01 8.596185e-02 1.135916e+00 -1.731816e+00 -5.958999e-01 6.818617e-01 1.049954e+00 -5.958999e-01 1.731816e+00 -1.049954e+00 -2.339340e+00 
6.523474e-01 2.911905e+00 3.879887e-02 8.563089e-01 8.432361e-01 5.401150e+00 1.903506e+00 6.244386e+00 8.820350e-01 6.003191e-02 1.157292e+00 -1.755506e+00 -5.982139e-01 6.582458e-01 1.097260e+00 -5.982139e-01 1.755506e+00 -1.097260e+00 -2.424816e+00 
6.528117e-01 2.923511e+00 2.123922e-02 8.503546e-01 8.496546e-01 5.412291e+00 1.897552e+00 6.261946e+00 8.708938e-01 3.274480e-02 1.160875e+00 -1.752032e+00 -5.911573e-01 6.239021e-01 1.128130e+00 -5.911573e-01 1.752032e+00 -1.128130e+00 -2.436929e+00 
6.530031e-01 2.935066e+00 3.843184e-03 8.445140e-01 8.556866e-01 5.423656e+00 1.891712e+00 6.279342e+00 8.595298e-01 5.755956e-03 1.147236e+00 -1.722777e+00 -5.755416e-01 5.812976e-01 1.141480e+00 -5.755416e-01 1.722777e+00 -1.141480e+00 -2.377572e+00 
6.529328e-01 2.946401e+00 -1.313729e-02 8.388690e-01 8.612614e-01 5.435061e+00 1.886067e+00 6.296323e+00 8.481241e-01 -1.942755e-02 1.117198e+00 -1.669461e+00 -5.522633e-01 5.328357e-01 1.136626e+00 -5.522633e-01 1.669461e+00 -1.136626e+00 -2.252903e+00 
6.526251e-01 2.957358e+00 -2.947132e-02 8.334915e-01 8.663312e-01 5.446325e+00 1.880689e+00 6.312657e+00 8.368598e-01 -4.153512e-02 1.071794e+00 -1.594049e+00 -5.222552e-01 4.807201e-01 1.113329e+00 -5.222552e-01 1.594049e+00 -1.113329e+00 -2.072072e+00 
6.521157e-01 2.967789e+00 -4.495077e-02 8.284435e-01 8.708698e-01 5.457266e+00 1.875641e+00 6.328136e+00 8.259190e-01 -5.955465e-02 1.012247e+00 -1.498718e+00 -4.864712e-01 4.269165e-01 1.071801e+00 -4.864712e-01 1.498718e+00 -1.071801e+00 -1.846867e+00 
6.514498e-01 2.977561e+00 -5.938738e-02 8.237781e-01 8.748692e-01 5.467703e+00 1.870976e+00 6.342573e+00 8.154819e-01 -7.277803e-02 9.399254e-01 -1.385771e+00 -4.458456e-01 3.730676e-01 1.012703e+00 -4.458456e-01 1.385771e+00 -1.012703e+00 -1.590953e+00 
6.506776e-01 2.986550e+00 -7.261556e-02 8.195396e-01 8.783356e-01 5.477465e+00 1.866737e+00 6.355801e+00 8.057200e-01 -8.080719e-02 8.563124e-01 -1.257586e+00 -4.012732e-01 3.204660e-01 9.371196e-01 -4.012732e-01 1.257586e+00 -9.371196e-01 -1.318797e+00 
6.498515e-01 2.994654e+00 -8.449560e-02 8.157632e-01 8.812859e-01 5.486395e+00 1.862961e+00 6.367681e+00 7.967903e-01 -8.354373e-02 7.629630e-01 -1.116550e+00 -3.535870e-01 2.700432e-01 8.465067e-01 -3.535870e-01 1.116550e+00 -8.465067e-01 -1.044687e+00 
6.490237e-01 3.001782e+00 -9.491153e-02 8.124758e-01 8.837455e-01 5.494351e+00 1.859673e+00 6.378097e+00 7.888340e-01 -8.117376e-02 6.614896e-01 -9.650432e-01 -3.035535e-01 2.223798e-01 7.426634e-01 -3.035535e-01 9.650432e-01 -7.426634e-01 -7.823192e-01 
6.482436e-01 3.007862e+00 -1.037696e-01 8.096976e-01 8.857436e-01 5.501211e+00 1.856895e+00 6.386955e+00 7.819741e-01 -7.413239e-02 5.535409e-01 -8.054100e-01 -2.518692e-01 1.777368e-01 6.276733e-01 -2.518692e-01 8.054100e-01 -6.276733e-01 -5.440148e-01 
6.475546e-01 3.012837e+00 -1.110000e-01 8.074419e-01 8.873103e-01 5.506875e+00 1.854639e+00 6.394185e+00 7.763103e-01 -6.305707e-02 4.407615e-01 -6.399155e-01 -1.991540e-01 1.360969e-01 5.038186e-01 -1.991540e-01 6.399155e-01 -5.038186e-01 -3.400262e-01 
6.469932e-01 3.016667e+00 -1.165555e-01 8.057161e-01 8.884747e-01 5.511266e+00 1.852914e+00 6.399741e+00 7.719192e-01 -4.875410e-02 3.247862e-01 -4.707450e-01 -1.459589e-01 9.720478e-02 3.735403e-01 -1.459589e-01 4.707450e-01 -3.735403e-01 -1.783194e-01 
6.465872e-01 3.019327e+00 -1.204097e-01 8.045226e-01 8.892622e-01 5.514333e+00 1.851720e+00 6.403595e+00 7.688524e-01 -3.214208e-02 2.072318e-01 -3.000125e-01 -9.278074e-02 6.063865e-02 2.393739e-01 -9.278074e-02 3.000125e-01 -2.393739e-01 -6.426408e-02 
6.463549e-01 3.020811e+00 -1.225572e-01 8.038590e-01 8.896935e-01 5.516049e+00 1.851057e+00 6.405743e+00 7.671363e-01 -1.419826e-02 8.966581e-02 -1.297321e-01 -4.006629e-02 2.586803e-02 1.038641e-01 -4.006629e-02 1.297321e-01 -1.038641e-01 -4.772396e-04 
6.463044e-01 3.021126e+00 -1.230123e-01 8.037184e-01 8.897836e-01 5.516414e+00 1.850916e+00 6.406198e+00 7.667713e-01 4.079841e-03 -2.639261e-02 3.816528e-02 1.177267e-02 -7.692829e-03 -3.047245e-02 1.177267e-02 -3.816528e-02 3.047245e-02 1.313070e-02 
6.464343e-01 3.020293e+00 -1.218081e-01 8.040902e-01 8.895417e-01 5.515452e+00 1.851288e+00 6.404993e+00 7.677337e-01 2.172941e-02 -1.394795e-01 2.018206e-01 6.234114e-02 -4.061174e-02 -1.612089e-01 6.234114e-02 -2.018206e-01 1.612089e-01 -2.079150e-02 
6.467339e-01 3.018351e+00 -1.189959e-01 8.049597e-01 8.889718e-01 5.513209e+00 1.852157e+00 6.402181e+00 7.699759e-01 3.786321e-02 -2.482093e-01 3.594658e-01 1.112565e-01 -7.339326e-02 -2.860726e-01 1.112565e-01 -3.594658e-01 2.860726e-01 -9.730321e-02 
6.471840e-01 3.015348e+00 -1.146444e-01 8.063085e-01 8.880730e-01 5.509757e+00 1.853506e+00 6.397830e+00 7.734286e-01 5.170359e-02 -3.512697e-01 5.094018e-01 1.581321e-01 -1.064285e-01 -4.029733e-01 1.581321e-01 -5.094018e-01 4.029733e-01 -2.094749e-01 
6.477582e-01 3.011348e+00 -1.088389e-01 8.081142e-01 8.868416e-01 5.505183e+00 1.855312e+00 6.392024e+00 7.780026e-01 6.261863e-02 -4.474375e-01 6.500096e-01 2.025720e-01 -1.399534e-01 -5.100562e-01 2.025720e-01 -6.500096e-01 5.100562e-01 -3.488866e-01 
6.484250e-01 3.006426e+00 -1.016804e-01 8.103505e-01 8.852721e-01 5.499594e+00 1.857548e+00 6.384866e+00 7.835917e-01 7.014331e-02 -5.355875e-01 7.797551e-01 2.441676e-01 -1.740243e-01 -6.057308e-01 2.441676e-01 -7.797551e-01 6.057308e-01 -5.060457e-01 
6.491488e-01 3.000667e+00 -9.328490e-02 8.129867e-01 8.833597e-01 5.493111e+00 1.860184e+00 6.376470e+00 7.900748e-01 7.399792e-02 -6.146971e-01 8.971914e-01 2.824943e-01 -2.084964e-01 -6.886950e-01 2.824943e-01 -8.971914e-01 6.886950e-01 -6.709206e-01 
6.498925e-01 2.994165e+00 -8.378200e-02 8.159880e-01 8.811020e-01 5.485865e+00 1.863186e+00 6.366967e+00 7.973200e-01 7.409643e-02 -6.838659e-01 1.000986e+00 3.171197e-01 -2.430233e-01 -7.579623e-01 3.171197e-01 -1.000986e+00 7.579623e-01 -8.335032e-01 
6.506186e-01 2.987025e+00 -7.331462e-02 8.193153e-01 8.785009e-01 5.477999e+00 1.866513e+00 6.356500e+00 8.051862e-01 7.054801e-02 -7.423142e-01 1.089919e+00 3.476043e-01 -2.770563e-01 -8.128622e-01 3.476043e-01 -1.089919e+00 8.128622e-01 -9.842109e-01 
6.512922e-01 2.979357e+00 -6.203688e-02 8.229249e-01 8.755649e-01 5.469657e+00 1.870122e+00 6.345222e+00 8.135280e-01 6.364547e-02 -7.894016e-01 1.162918e+00 3.735168e-01 -3.098713e-01 -8.530470e-01 3.735168e-01 -1.162918e+00 8.530470e-01 -1.114482e+00 
6.518819e-01 2.971276e+00 -5.011220e-02 8.267691e-01 8.723103e-01 5.460987e+00 1.873967e+00 6.333298e+00 8.221982e-01 5.385069e-02 -8.246390e-01 1.219086e+00 3.944469e-01 -3.405962e-01 -8.784897e-01 3.944469e-01 -1.219086e+00 8.784897e-01 -1.217118e+00 
6.523616e-01 2.962905e+00 -3.771339e-02 8.307960e-01 8.687631e-01 5.452136e+00 1.877994e+00 6.320899e+00 8.310498e-01 4.177351e-02 -8.476868e-01 1.257700e+00 4.100134e-01 -3.682399e-01 -8.894603e-01 4.100134e-01 -1.257700e+00 8.894603e-01 -1.286610e+00 
6.527121e-01 2.954364e+00 -2.501868e-02 8.349503e-01 8.649593e-01 5.443245e+00 1.882148e+00 6.308204e+00 8.399406e-01 2.812737e-02 -8.583737e-01 1.278263e+00 4.198892e-01 -3.917618e-01 -8.865010e-01 4.198892e-01 -1.278263e+00 8.865010e-01 -1.319448e+00 
6.529215e-01 2.945778e+00 -1.220887e-02 8.391741e-01 8.609449e-01 5.434449e+00 1.886372e+00 6.295394e+00 8.487361e-01 1.370077e-02 -8.567042e-01 1.280519e+00 4.238148e-01 -4.101140e-01 -8.704049e-01 4.238148e-01 -1.280519e+00 8.704049e-01 -1.314208e+00 
6.529862e-01 2.937270e+00 5.319047e-04 8.434066e-01 8.567771e-01 5.425876e+00 1.890604e+00 6.282653e+00 8.573090e-01 -6.816853e-04 -8.428530e-01 1.264462e+00 4.216087e-01 -4.222904e-01 -8.421713e-01 4.216087e-01 -1.264462e+00 8.421713e-01 -1.271665e+00 
6.529107e-01 2.928960e+00 1.302023e-02 8.475855e-01 8.525228e-01 5.417642e+00 1.894783e+00 6.270165e+00 8.655430e-01 -1.421736e-02 -8.171701e-01 1.230358e+00 4.131875e-01 -4.274049e-01 -8.029528e-01 4.131875e-01 -1.230358e+00 8.029528e-01 -1.194673e+00 
6.527072e-01 2.920965e+00 2.507944e-02 8.516493e-01 8.482555e-01 5.409850e+00 1.898847e+00 6.258106e+00 8.733349e-01 -2.617245e-02 -7.801837e-01 1.178765e+00 3.985817e-01 -4.247542e-01 -7.540113e-01 3.985817e-01 -1.178765e+00 7.540113e-01 -1.087860e+00 
6.523946e-01 2.913392e+00 3.653981e-02 8.555370e-01 8.440552e-01 5.402590e+00 1.902735e+00 6.246645e+00 8.805950e-01 -3.590184e-02 -7.325916e-01 1.110529e+00 3.779371e-01 -4.138389e-01 -6.966898e-01 3.779371e-01 -1.110529e+00 6.966898e-01 -9.575052e-01 
6.519982e-01 2.906345e+00 4.723881e-02 8.591890e-01 8.400067e-01 5.395940e+00 1.906387e+00 6.235946e+00 8.872456e-01 -4.291126e-02 -6.752481e-01 1.026775e+00 3.515266e-01 -3.944378e-01 -6.323368e-01 3.515266e-01 -1.026775e+00 6.323368e-01 -8.111721e-01 
6.515467e-01 2.899917e+00 5.702782e-02 8.625494e-01 8.361948e-01 5.389963e+00 1.909747e+00 6.226157e+00 8.932226e-01 -4.687751e-02 -6.091510e-01 9.289004e-01 3.197494e-01 -3.666270e-01 -5.622734e-01 3.197494e-01 -9.289004e-01 5.622734e-01 -6.570479e-01 
6.510712e-01 2.894188e+00 6.577481e-02 8.655677e-01 8.327011e-01 5.384709e+00 1.912765e+00 6.217410e+00 8.984759e-01 -4.766415e-02 -5.354237e-01 8.185510e-01 2.831273e-01 -3.307914e-01 -4.877596e-01 2.831273e-01 -8.185510e-01 4.877596e-01 -5.035485e-01 
6.506037e-01 2.889229e+00 7.336373e-02 8.681981e-01 8.296032e-01 5.380218e+00 1.915396e+00 6.209822e+00 9.029670e-01 -4.533294e-02 -4.553030e-01 6.976040e-01 2.423009e-01 -2.876339e-01 -4.099701e-01 2.423009e-01 -6.976040e-01 4.099701e-01 -3.589141e-01 
6.501742e-01 2.885099e+00 7.969832e-02 8.704021e-01 8.269697e-01 5.376517e+00 1.917600e+00 6.203487e+00 9.066680e-01 -4.013356e-02 -3.701104e-01 5.681236e-01 1.980132e-01 -2.381468e-01 -3.299769e-01 1.980132e-01 -5.681236e-01 3.299769e-01 -2.305670e-01 
6.498093e-01 2.881840e+00 8.470483e-02 8.721494e-01 8.248574e-01 5.373623e+00 1.919347e+00 6.198480e+00 9.095622e-01 -3.248605e-02 -2.812223e-01 4.323108e-01 1.510885e-01 -1.835746e-01 -2.487362e-01 1.510885e-01 -4.323108e-01 2.487362e-01 -1.246954e-01 
6.495308e-01 2.879482e+00 8.833118e-02 8.734180e-01 8.233103e-01 5.371544e+00 1.920616e+00 6.194854e+00 9.116415e-01 -2.295301e-02 -1.900601e-01 2.924792e-01 1.024192e-01 -1.253722e-01 -1.671071e-01 1.024192e-01 -2.924792e-01 1.671071e-01 -4.598402e-02 
6.493543e-01 2.878041e+00 9.054882e-02 8.741951e-01 8.223568e-01 5.370280e+00 1.921393e+00 6.192636e+00 9.129056e-01 -1.219179e-02 -9.805417e-02 1.509865e-01 5.293237e-02 -6.512415e-02 -8.586239e-02 5.293237e-02 -1.509865e-01 8.586239e-02 2.709597e-03 
6.492887e-01 2.877519e+00 9.135313e-02 8.744771e-01 8.220092e-01 5.369823e+00 1.921675e+00 6.191832e+00 9.133623e-01 -9.153937e-04 -6.617959e-03 1.018261e-02 3.564656e-03 -4.480049e-03 -5.702566e-03 3.564656e-03 -1.018262e-02 5.702566e-03 2.045178e-02 
6.493353e-01 2.877902e+00 9.076248e-02 8.742698e-01 8.222631e-01 5.370160e+00 1.921467e+00 6.192423e+00 9.130255e-01 1.015946e-02 8.286476e-02 -1.276258e-01 -4.476103e-02 5.492049e-02 7.270531e-02 -4.476103e-02 1.276258e-01 -7.270531e-02 8.219808e-03 
6.494889e-01 2.879165e+00 8.881790e-02 8.735882e-01 8.230983e-01 5.371269e+00 1.920786e+00 6.194367e+00 9.119162e-01 2.036185e-02 1.690769e-01 -2.602467e-01 -9.116983e-02 1.115317e-01 1.487150e-01 -9.116983e-02 2.602467e-01 -1.487150e-01 -3.124510e-02 
6.497377e-01 2.881269e+00 8.558168e-02 8.724555e-01 8.244797e-01 5.373124e+00 1.919653e+00 6.197604e+00 9.100614e-01 2.910515e-02 2.507784e-01 -3.856311e-01 -1.348527e-01 1.639578e-01 2.216733e-01 -1.348527e-01 3.856311e-01 -2.216733e-01 -9.366231e-02 
6.500646e-01 2.884162e+00 8.113558e-02 8.709027e-01 8.263595e-01 5.375690e+00 1.918100e+00 6.202050e+00 9.074951e-01 3.592471e-02 3.268323e-01 -5.019234e-01 -1.750911e-01 2.110158e-01 2.909076e-01 -1.750911e-01 5.019234e-01 -2.909076e-01 -1.735871e-01 
6.504487e-01 2.887783e+00 7.557899e-02 8.689673e-01 8.286790e-01 5.378927e+00 1.916165e+00 6.207606e+00 9.042580e-01 4.049981e-02 3.962173e-01 -6.074882e-01 -2.112709e-01 2.517707e-01 3.557175e-01 -2.112709e-01 6.074882e-01 -3.557175e-01 -2.647710e-01 
6.508666e-01 2.892061e+00 6.902620e-02 8.666924e-01 8.313717e-01 5.382787e+00 1.913890e+00 6.214159e+00 9.003979e-01 4.266672e-02 4.580466e-01 -7.009422e-01 -2.428955e-01 2.855623e-01 4.153799e-01 -2.428955e-01 7.009422e-01 -4.153799e-01 -3.606426e-01 
6.512940e-01 2.896917e+00 6.160420e-02 8.641258e-01 8.343658e-01 5.387215e+00 1.911323e+00 6.221581e+00 8.959700e-01 4.242002e-02 5.115775e-01 -7.811684e-01 -2.695909e-01 3.120109e-01 4.691574e-01 -2.695909e-01 7.811684e-01 -4.691574e-01 -4.546824e-01 
6.517074e-01 2.902263e+00 5.344982e-02 8.613179e-01 8.375870e-01 5.392148e+00 1.908515e+00 6.229735e+00 8.910368e-01 3.990108e-02 5.562184e-01 -8.473241e-01 -2.911057e-01 3.310068e-01 5.163173e-01 -2.911057e-01 8.473241e-01 -5.163173e-01 -5.408581e-01 
6.520853e-01 2.908010e+00 4.470638e-02 8.583213e-01 8.409616e-01 5.397517e+00 1.905519e+00 6.238479e+00 8.856679e-01 3.538016e-02 5.915408e-01 -8.988521e-01 -3.073113e-01 3.426914e-01 5.561607e-01 -3.073113e-01 8.988521e-01 -5.561607e-01 -6.139554e-01 
6.524096e-01 2.914062e+00 3.552240e-02 8.551894e-01 8.444177e-01 5.403245e+00 1.902387e+00 6.247663e+00 8.799401e-01 2.923290e-02 6.172718e-01 -9.354622e-01 -3.181904e-01 3.474233e-01 5.880389e-01 -3.181904e-01 9.354622e-01 -5.880389e-01 -6.698179e-01 
6.526660e-01 2.920323e+00 2.604718e-02 8.519751e-01 8.478885e-01 5.409250e+00 1.899173e+00 6.257138e+00 8.739357e-01 2.190318e-02 6.332991e-01 -9.571278e-01 -3.238287e-01 3.457319e-01 6.113959e-01 -3.238287e-01 9.571278e-01 -6.113959e-01 -7.055661e-01 
6.528453e-01 2.926696e+00 1.642852e-02 8.487296e-01 8.513132e-01 5.415444e+00 1.895927e+00 6.266757e+00 8.677418e-01 1.387805e-02 6.396674e-01 -9.640720e-01 -3.244046e-01 3.382826e-01 6.257893e-01 -3.244046e-01 9.640720e-01 -6.257893e-01 -7.196464e-01 
6.529429e-01 2.933085e+00 6.812760e-03 8.455028e-01 8.546377e-01 5.421735e+00 1.892700e+00 6.276373e+00 8.614504e-01 5.656893e-03 6.365650e-01 -9.567380e-01 -3.201731e-01 3.258300e-01 6.309081e-01 -3.201731e-01 9.567380e-01 -6.309081e-01 -7.119021e-01 
6.529594e-01 2.939397e+00 -2.660313e-03 8.423412e-01 8.578157e-01 5.428030e+00 1.889539e+00 6.285846e+00 8.551554e-01 -2.288740e-03 6.243153e-01 -9.357643e-01 -3.114490e-01 3.091603e-01 6.266040e-01 -3.114490e-01 9.357643e-01 -6.266040e-01 -6.833985e-01 
6.528995e-01 2.945542e+00 -1.185933e-02 8.392877e-01 8.608093e-01 5.434235e+00 1.886485e+00 6.295045e+00 8.489500e-01 -9.529188e-03 6.033710e-01 -9.019706e-01 -2.985995e-01 2.890704e-01 6.129002e-01 -2.985995e-01 9.019706e-01 -6.129002e-01 -6.363299e-01 
6.527723e-01 2.951437e+00 -2.066061e-02 8.363816e-01 8.635883e-01 5.440258e+00 1.883579e+00 6.303846e+00 8.429277e-01 -1.570149e-02 5.742943e-01 -8.563202e-01 -2.820259e-01 2.663245e-01 5.899958e-01 -2.820259e-01 8.563202e-01 -5.899958e-01 -5.738623e-01 
6.525900e-01 2.957003e+00 -2.894998e-02 8.336581e-01 8.661294e-01 5.446006e+00 1.880856e+00 6.312135e+00 8.371794e-01 -2.052616e-02 5.377449e-01 -7.998973e-01 -2.621523e-01 2.416262e-01 5.582711e-01 -2.621523e-01 7.998973e-01 -5.582711e-01 -4.998677e-01 
6.523669e-01 2.962169e+00 -3.662601e-02 8.311482e-01 8.684163e-01 5.451395e+00 1.878346e+00 6.319811e+00 8.317903e-01 -2.381543e-02 4.944610e-01 -7.338736e-01 -2.394125e-01 2.155971e-01 5.182765e-01 -2.394125e-01 7.338736e-01 -5.182765e-01 -4.185754e-01 
6.521191e-01 2.966873e+00 -4.359946e-02 8.288780e-01 8.704386e-01 5.456346e+00 1.876076e+00 6.326785e+00 8.268391e-01 -2.547552e-02 4.452495e-01 -6.594939e-01 -2.142444e-01 1.887688e-01 4.707250e-01 -2.142444e-01 6.594939e-01 -4.707250e-01 -3.344448e-01 
6.518629e-01 2.971058e+00 -4.979254e-02 8.268699e-01 8.721905e-01 5.460787e+00 1.874067e+00 6.332978e+00 8.223979e-01 -2.550785e-02 3.909737e-01 -5.780560e-01 -1.870823e-01 1.615745e-01 4.164816e-01 -1.870823e-01 5.780560e-01 -4.164816e-01 -2.518850e-01 
6.516141e-01 2.974678e+00 -5.514127e-02 8.251417e-01 8.736700e-01 5.464657e+00 1.872339e+00 6.338327e+00 8.185287e-01 -2.399890e-02 3.325305e-01 -4.908796e-01 -1.583491e-01 1.343502e-01 3.565294e-01 -1.583491e-01 4.908796e-01 -3.565294e-01 -1.749387e-01 
6.513875e-01 2.977697e+00 -5.959532e-02 8.237069e-01 8.748782e-01 5.467902e+00 1.870904e+00 6.342781e+00 8.152828e-01 -2.111372e-02 2.708406e-01 -3.992930e-01 -1.284523e-01 1.073386e-01 2.919543e-01 -1.284523e-01 3.992930e-01 -2.919543e-01 -1.071565e-01 
6.511957e-01 2.980087e+00 -6.311695e-02 8.225752e-01 8.758180e-01 5.470484e+00 1.869773e+00 6.346302e+00 8.127011e-01 -1.708153e-02 2.068430e-01 -3.046297e-01 -9.778665e-02 8.070512e-02 2.239246e-01 -9.778665e-02 3.046297e-01 -2.239246e-01 -5.143458e-02 
6.510488e-01 2.981830e+00 -6.568196e-02 8.217524e-01 8.764939e-01 5.472373e+00 1.868950e+00 6.348867e+00 8.108119e-01 -1.217768e-02 1.414730e-01 -2.082013e-01 -6.672831e-02 5.455062e-02 1.536507e-01 -6.672831e-02 2.082013e-01 -1.536507e-01 -9.860264e-03 
6.509540e-01 2.982915e+00 -6.727931e-02 8.212407e-01 8.769108e-01 5.473554e+00 1.868438e+00 6.350465e+00 8.096315e-01 -6.710871e-03 7.565447e-02 -1.112905e-01 -3.563602e-02 2.892515e-02 8.236534e-02 -3.563602e-02 1.112905e-01 -8.236534e-02 1.633110e-02 
6.509153e-01 2.983344e+00 -6.791036e-02 8.210387e-01 8.770742e-01 5.474021e+00 1.868236e+00 6.351096e+00 8.091639e-01 -1.003763e-03 1.029609e-02 -1.515160e-02 -4.855517e-03 3.851754e-03 1.129985e-02 -4.855517e-03 1.515160e-02 -1.129985e-02 2.678126e-02 
6.509337e-01 2.983126e+00 -6.758891e-02 8.211415e-01 8.769897e-01 5.473785e+00 1.868339e+00 6.350774e+00 8.094008e-01 4.624961e-03 -5.372824e-02 7.901201e-02 2.528377e-02 -2.065881e-02 -5.835320e-02 2.528377e-02 -7.901201e-02 5.835320e-02 2.198381e-02 
6.510066e-01 2.982277e+00 -6.634055e-02 8.215412e-01 8.766630e-01 5.472863e+00 1.868739e+00 6.349526e+00 8.103224e-01 9.873851e-03 -1.155807e-01 1.700455e-01 5.446473e-02 -4.459088e-02 -1.254546e-01 5.446473e-02 -1.700455e-01 1.254546e-01 3.227842e-03 
6.511290e-01 2.980824e+00 -6.420211e-02 8.222266e-01 8.760999e-01 5.471287e+00 1.869424e+00 6.347387e+00 8.118978e-01 1.447548e-02 -1.744692e-01 2.568505e-01 8.238132e-02 -6.790584e-02 -1.889447e-01 8.238132e-02 -2.568505e-01 1.889447e-01 -2.752031e-02 
6.512932e-01 2.978800e+00 -6.122105e-02 8.231836e-01 8.753071e-01 5.469099e+00 1.870381e+00 6.344406e+00 8.140861e-01 1.820724e-02 -2.296589e-01 3.383997e-01 1.087407e-01 -9.053351e-02 -2.478661e-01 1.087408e-01 -3.383997e-01 2.478661e-01 -6.774321e-02 
6.514896e-01 2.976245e+00 -5.745484e-02 8.243953e-01 8.742919e-01 5.466348e+00 1.871593e+00 6.340640e+00 8.168371e-01 2.090113e-02 -2.804734e-01 4.137338e-01 1.332605e-01 -1.123593e-01 -3.013745e-01 1.332605e-01 -4.137338e-01 3.013745e-01 -1.145215e-01 
6.517074e-01 2.973207e+00 -5.296999e-02 8.258418e-01 8.730631e-01 5.463092e+00 1.873039e+00 6.336155e+00 8.200932e-01 2.245050e-02 -3.263067e-01 4.819788e-01 1.556721e-01 -1.332216e-01 -3.487572e-01 1.556721e-01 -4.819788e-01 3.487572e-01 -1.647202e-01 
6.519347e-01 2.969737e+00 -4.784151e-02 8.275008e-01 8.716314e-01 5.459395e+00 1.874698e+00 6.331027e+00 8.237899e-01 2.281331e-02 -3.666255e-01 5.423469e-01 1.757214e-01 -1.529081e-01 -3.894388e-01 1.757214e-01 -5.423469e-01 3.894388e-01 -2.151370e-01 
6.521598e-01 2.965894e+00 -4.215164e-02 8.293476e-01 8.700098e-01 5.455327e+00 1.876545e+00 6.325337e+00 8.278581e-01 2.201206e-02 -4.009777e-01 5.941510e-01 1.931733e-01 -1.711612e-01 -4.229897e-01 1.931733e-01 -5.941510e-01 4.229897e-01 -2.627057e-01 
6.523713e-01 2.961739e+00 -3.598887e-02 8.313550e-01 8.682139e-01 5.450960e+00 1.878553e+00 6.319174e+00 8.322251e-01 2.013116e-02 -4.289973e-01 6.368122e-01 2.078149e-01 -1.876837e-01 -4.491285e-01 2.078149e-01 -6.368122e-01 4.491285e-01 -3.046299e-01 
6.525592e-01 2.957336e+00 -2.944741e-02 8.334939e-01 8.662629e-01 5.446370e+00 1.880691e+00 6.312633e+00 8.368155e-01 1.731101e-02 -4.504051e-01 6.698633e-01 2.194582e-01 -2.021472e-01 -4.677161e-01 2.194582e-01 -6.698633e-01 4.677161e-01 -3.385252e-01 
6.527150e-01 2.952754e+00 -2.262485e-02 8.357336e-01 8.641790e-01 5.441631e+00 1.882931e+00 6.305810e+00 8.415541e-01 1.373743e-02 -4.650180e-01 6.929671e-01 2.279491e-01 -2.142117e-01 -4.787554e-01 2.279491e-01 -6.929671e-01 4.787554e-01 -3.625551e-01 
6.528322e-01 2.948059e+00 -1.562166e-02 8.380420e-01 8.619878e-01 5.436819e+00 1.885240e+00 6.298807e+00 8.463661e-01 9.633226e-03 -4.727479e-01 7.059168e-01 2.331690e-01 -2.235357e-01 -4.823811e-01 2.331690e-01 -7.059168e-01 4.823811e-01 -3.754867e-01 
6.529067e-01 2.943321e+00 -8.540506e-03 8.403858e-01 8.597185e-01 5.432007e+00 1.887583e+00 6.291726e+00 8.511780e-01 5.244344e-03 -4.736010e-01 7.086406e-01 2.350396e-01 -2.297952e-01 -4.788453e-01 2.350396e-01 -7.086406e-01 4.788453e-01 -3.767577e-01 
6.529370e-01 2.938610e+00 -1.483013e-03 8.427314e-01 8.574031e-01 5.427265e+00 1.889929e+00 6.284668e+00 8.559201e-01 8.226699e-04 -4.676827e-01 7.012136e-01 2.335309e-01 -2.327082e-01 -4.685054e-01 2.335309e-01 -7.012136e-01 4.685054e-01 -3.664741e-01 
6.529239e-01 2.933989e+00 5.451134e-03 8.450454e-01 8.550760e-01 5.422658e+00 1.892243e+00 6.277734e+00 8.605271e-01 -3.383257e-03 -4.551938e-01 6.838561e-01 2.286624e-01 -2.320456e-01 -4.518105e-01 2.286624e-01 -6.838561e-01 4.518105e-01 -3.453741e-01 
6.528708e-01 2.929526e+00 1.216315e-02 8.472941e-01 8.527743e-01 5.418248e+00 1.894492e+00 6.271022e+00 8.649374e-01 -7.143042e-03 -4.364271e-01 6.569329e-01 2.205059e-01 -2.276489e-01 -4.292840e-01 2.205059e-01 -6.569329e-01 4.292840e-01 -3.148448e-01 
6.527832e-01 2.925281e+00 1.855935e-02 8.494449e-01 8.505358e-01 5.414090e+00 1.896642e+00 6.264626e+00 8.690952e-01 -1.026156e-02 -4.117619e-01 6.209502e-01 2.091884e-01 -2.194499e-01 -4.015003e-01 2.091884e-01 -6.209502e-01 4.015003e-01 -2.767180e-01 
6.526682e-01 2.921310e+00 2.455314e-02 8.514676e-01 8.483982e-01 5.410234e+00 1.898665e+00 6.258632e+00 8.729514e-01 -1.258584e-02 -3.816600e-01 5.765519e-01 1.948919e-01 -2.074777e-01 -3.690741e-01 1.948919e-01 -5.765519e-01 3.690741e-01 -2.331723e-01 
